1.000000e+000 0.000000e+000 0.000000e+000 0.000000e+000 0.000000e+000 

3.948634e-001 6.051366e-001 0.000000e+000 0.000000e+000 0.000000e+000 
0.000000e+000 7.577868e-001 2.422132e-001 0.000000e+000 0.000000e+000 
0.000000e+000 0.000000e+000 9.593098e-001 4.069016e-002 0.000000e+000 
0.000000e+000 0.000000e+000 0.000000e+000 8.796973e-001 1.203027e-001 
0.000000e+000 0.000000e+000 0.000000e+000 0.000000e+000 1.000000e+000 

1.000000e-030 7.790732e-002 4.252894e-002 3.224198e-001 3.333333e-002 1.000000e-030 1.000000e-030 1.000000e-030 7.155547e-003 1.665283e-002 3.333316e-002 1.000000e-030 2.126256e-007 1.666587e-001 1.000000e-030 1.000000e-030 1.000000e-030 1.000000e-030 1.000000e-030 1.000000e-030 1.000000e-030 1.000000e-030 1.666667e-002 1.000000e-030 8.333309e-003 1.000000e-030 3.333343e-002 1.000000e-030 2.222222e-002 1.000000e-030 2.111212e-001 8.333309e-003 
1.000000e-030 2.025693e-001 1.000000e-030 3.797843e-002 1.000000e-030 1.000000e-030 4.645095e-003 1.000000e-030 1.435157e-003 4.301936e-001 1.111111e-002 1.000000e-030 1.496447e-001 5.776088e-002 1.000000e-030 1.000000e-030 1.000000e-030 1.000000e-030 1.000000e-030 1.000000e-030 1.000000e-030 1.000000e-030 1.000000e-030 1.000000e-030 2.965962e-010 1.335331e-002 9.130848e-002 1.000000e-030 1.000000e-030 1.000000e-030 9.333333e-031 6.666667e-031 
1.000000e-030 9.510210e-001 6.959306e-004 2.858811e-009 1.000000e-030 1.000000e-030 1.000000e-030 1.000000e-030 1.000000e-030 3.657422e-002 1.000000e-030 1.000000e-030 3.279082e-003 9.462781e-016 1.000000e-030 1.000000e-030 1.000000e-030 1.000000e-030 1.000000e-030 1.000000e-030 1.000000e-030 1.000000e-030 1.000000e-030 1.000000e-030 1.000000e-030 1.415617e-003 7.014175e-003 1.000000e-030 1.000000e-030 1.000000e-030 9.000000e-031 5.666667e-031 
1.000000e-030 6.858355e-001 9.725205e-003 1.175799e-001 3.422709e-003 1.357746e-003 3.422709e-003 1.000000e-030 1.000000e-030 2.858127e-002 1.000000e-030 1.000000e-030 5.115162e-002 5.479804e-002 1.000000e-030 1.000000e-030 1.000000e-030 1.000000e-030 1.000000e-030 1.000000e-030 1.000000e-030 1.000000e-030 1.000000e-030 1.000000e-030 2.915602e-003 1.000000e-030 1.679598e-002 1.000000e-030 1.000000e-030 1.000000e-030 2.441364e-002 6.666667e-031 
1.000000e-030 3.184405e-002 4.008749e-003 1.937582e-001 7.133642e-002 2.280188e-002 4.380295e-003 8.005590e-004 1.000000e-030 1.073478e-003 3.438757e-003 5.367389e-004 5.970597e-003 1.010116e-001 1.000000e-030 1.000000e-030 1.000000e-030 1.000000e-030 1.000000e-030 1.000000e-030 1.000000e-030 1.000000e-030 4.764289e-003 1.785207e-002 2.515281e-003 3.700391e-004 3.924368e-002 3.203276e-003 3.631199e-002 1.706998e-002 3.975611e-001 5.358968e-002 
