1.000000e+000 0.000000e+000 0.000000e+000 0.000000e+000 0.000000e+000 

6.120063e-001 3.879937e-001 0.000000e+000 0.000000e+000 0.000000e+000 
0.000000e+000 7.188164e-001 2.811836e-001 0.000000e+000 0.000000e+000 
0.000000e+000 0.000000e+000 9.133501e-001 8.664991e-002 0.000000e+000 
0.000000e+000 0.000000e+000 0.000000e+000 9.444098e-001 5.559020e-002 
0.000000e+000 0.000000e+000 0.000000e+000 0.000000e+000 1.000000e+000 

1.000000e-030 3.773070e-002 1.000000e-030 1.493538e-001 1.666711e-002 1.000000e-030 1.000000e-030 1.000000e-030 3.269268e-002 2.288355e-001 1.050722e-001 1.000000e-030 3.402280e-023 1.363824e-001 1.000000e-030 1.000000e-030 1.000000e-030 1.000000e-030 1.000000e-030 1.000000e-030 1.000000e-030 1.000000e-030 1.000000e-030 1.000000e-030 1.305901e-002 1.000000e-030 2.107441e-001 1.000000e-030 1.000000e-030 1.000000e-030 6.946247e-002 8.333333e-031 
1.000000e-030 2.525701e-001 1.000000e-030 2.178386e-002 1.058787e-002 1.000000e-030 1.000000e-030 1.000000e-030 1.933167e-003 2.379327e-001 8.061269e-002 1.000000e-030 9.020217e-002 2.458805e-001 1.000000e-030 1.489314e-003 1.000000e-030 1.000000e-030 1.489314e-003 1.000000e-030 1.000000e-030 1.000000e-030 4.303511e-003 1.000000e-030 1.000000e-030 1.000000e-030 4.056169e-002 1.065314e-002 1.000000e-030 1.000000e-030 8.844635e-018 7.333333e-031 
1.000000e-030 2.593058e-001 7.714424e-003 2.532014e-002 6.005633e-003 1.000000e-030 6.005633e-003 1.000000e-030 1.000000e-030 1.287076e-001 1.110029e-001 1.000000e-030 1.253336e-002 1.666266e-001 1.000000e-030 1.000000e-030 1.000000e-030 1.000000e-030 1.000000e-030 1.000000e-030 1.000000e-030 1.000000e-030 1.329796e-003 1.000000e-030 1.000000e-030 2.233915e-021 2.614687e-001 9.989646e-003 1.000000e-030 1.000000e-030 3.989733e-003 7.000000e-031 
1.000000e-030 5.692060e-001 8.325891e-003 1.076378e-001 1.374404e-002 1.000000e-030 1.000000e-030 1.000000e-030 1.000000e-030 4.134727e-002 1.298557e-002 8.260172e-004 4.485144e-002 9.130751e-002 2.486024e-003 1.000000e-030 1.000000e-030 1.000000e-030 1.000000e-030 1.000000e-030 1.000000e-030 1.000000e-030 1.000000e-030 1.276977e-002 1.739796e-002 5.165994e-004 5.981977e-002 4.809155e-003 1.000000e-030 1.000000e-030 1.196926e-002 9.333333e-031 
1.000000e-030 4.107564e-002 3.559622e-002 2.482854e-001 1.744594e-003 1.000000e-030 7.149924e-003 1.000000e-030 1.000000e-030 1.363803e-002 1.982588e-002 5.649718e-004 5.272473e-003 8.110563e-002 4.381718e-004 1.000000e-030 1.000000e-030 1.000000e-030 1.000000e-030 1.000000e-030 1.028776e-002 1.000000e-030 4.219409e-004 2.185269e-003 2.181864e-001 4.452653e-002 5.357097e-002 6.031998e-003 1.329900e-002 1.347886e-002 1.773605e-001 2.200876e-002 
