1.000000e+000 0.000000e+000 0.000000e+000 0.000000e+000 0.000000e+000 

6.592490e-001 3.407510e-001 0.000000e+000 0.000000e+000 0.000000e+000 
0.000000e+000 7.431851e-001 2.568149e-001 0.000000e+000 0.000000e+000 
0.000000e+000 0.000000e+000 9.239363e-001 7.606368e-002 0.000000e+000 
0.000000e+000 0.000000e+000 0.000000e+000 8.660648e-001 1.339352e-001 
0.000000e+000 0.000000e+000 0.000000e+000 0.000000e+000 1.000000e+000 

1.000000e-030 3.974017e-001 1.000000e-030 9.595848e-002 6.666667e-002 1.000000e-030 1.000000e-030 1.000000e-030 1.000000e-030 1.344208e-001 2.656391e-002 1.000000e-030 4.127880e-002 1.035108e-001 1.000000e-030 1.000000e-030 1.000000e-030 1.000000e-030 1.000000e-030 1.000000e-030 1.000000e-030 1.000000e-030 1.000000e-030 1.000000e-030 1.000000e-030 1.119462e-002 7.372226e-002 4.526841e-003 1.000000e-030 1.000000e-030 2.808838e-002 1.666666e-002 
1.000000e-030 1.067192e-001 4.540418e-002 3.915815e-003 1.000000e-030 1.000000e-030 1.000000e-030 1.000000e-030 4.090223e-002 2.110149e-001 3.903468e-002 1.000000e-030 2.388709e-002 1.196214e-001 1.000000e-030 1.000000e-030 1.000000e-030 1.000000e-030 1.000000e-030 1.000000e-030 1.000000e-030 1.000000e-030 1.000000e-030 1.000000e-030 1.000000e-030 1.324571e-002 3.962538e-001 1.089025e-006 1.000000e-030 1.000000e-030 1.330133e-025 2.665304e-028 
1.000000e-030 4.240567e-001 1.166339e-002 2.187578e-002 1.000000e-030 1.000000e-030 1.000000e-030 1.000000e-030 1.000000e-030 1.166139e-001 1.743732e-002 1.000000e-030 4.956501e-002 1.558397e-001 1.000000e-030 1.000000e-030 1.000000e-030 1.000000e-030 1.000000e-030 1.000000e-030 1.000000e-030 1.000000e-030 1.000000e-030 1.000000e-030 1.000000e-030 2.989358e-003 1.983798e-001 1.579129e-003 1.000000e-030 1.000000e-030 9.666667e-031 2.000000e-031 
1.000000e-030 1.111302e-001 2.586868e-013 8.785571e-002 1.041144e-001 1.886220e-002 1.000000e-030 1.000000e-030 2.429882e-003 7.004809e-002 1.405175e-002 1.000000e-030 7.911449e-002 1.652749e-001 1.000000e-030 1.844781e-018 1.000000e-030 1.000000e-030 1.000000e-030 1.000000e-030 1.000000e-030 1.000000e-030 4.166674e-003 3.977210e-020 1.000000e-030 1.703552e-002 1.726922e-001 5.407486e-003 2.968704e-002 1.000000e-030 1.181293e-001 2.136486e-007 
1.000000e-030 8.371077e-002 1.729501e-002 2.229443e-001 4.722529e-002 3.593170e-003 3.128058e-003 1.000000e-030 4.596772e-003 1.277194e-002 1.517856e-002 3.703704e-004 7.552661e-003 7.922115e-002 1.346929e-003 3.368818e-002 1.000000e-030 1.000000e-030 1.061707e-003 1.000000e-030 3.434197e-003 1.000000e-030 2.418175e-003 5.891000e-003 1.145714e-001 1.530058e-002 8.117531e-002 2.195617e-003 2.021620e-002 1.475141e-002 1.970177e-001 2.108412e-002 
