1.000000e+000 0.000000e+000 0.000000e+000 0.000000e+000 0.000000e+000 

5.650773e-001 4.349227e-001 0.000000e+000 0.000000e+000 0.000000e+000 
0.000000e+000 8.821695e-001 1.178305e-001 0.000000e+000 0.000000e+000 
0.000000e+000 0.000000e+000 8.621516e-001 1.378484e-001 0.000000e+000 
0.000000e+000 0.000000e+000 0.000000e+000 7.952096e-001 2.047904e-001 
0.000000e+000 0.000000e+000 0.000000e+000 0.000000e+000 1.000000e+000 

1.000000e-030 1.320449e-001 3.843512e-002 2.597528e-001 1.062089e-002 1.000000e-030 1.000000e-030 1.000000e-030 1.000000e-030 1.501651e-001 4.165476e-002 1.000000e-030 1.000000e-030 1.852355e-013 1.000000e-030 1.000000e-030 1.000000e-030 1.000000e-030 1.000000e-030 1.000000e-030 1.000000e-030 1.000000e-030 1.000000e-030 1.000000e-030 1.000000e-030 1.000000e-030 2.274639e-001 1.000000e-030 1.000000e-030 1.000000e-030 1.213359e-001 1.852665e-002 
1.000000e-030 1.525395e-001 1.000000e-030 1.462071e-002 1.089006e-002 1.000000e-030 1.000000e-030 1.000000e-030 1.000000e-030 1.965568e-001 1.396432e-001 1.000000e-030 2.967823e-002 2.042592e-001 1.000000e-030 1.000000e-030 1.000000e-030 1.000000e-030 1.000000e-030 1.000000e-030 1.000000e-030 1.000000e-030 1.000000e-030 1.000000e-030 1.000000e-030 1.000000e-030 2.459387e-001 3.694919e-003 1.000000e-030 1.000000e-030 2.178648e-003 6.666667e-031 
1.000000e-030 3.350478e-001 1.000000e-030 1.116261e-001 1.000000e-030 1.000000e-030 1.000000e-030 1.000000e-030 1.000000e-030 4.666269e-002 2.580725e-002 1.000000e-030 1.310272e-002 1.434843e-001 1.000000e-030 1.000000e-030 1.000000e-030 1.000000e-030 1.000000e-030 1.000000e-030 1.000000e-030 1.000000e-030 1.000000e-030 1.000000e-030 5.546500e-003 1.000000e-030 2.425084e-001 4.855222e-002 1.000000e-030 1.000000e-030 2.766196e-002 4.666667e-031 
1.000000e-030 2.284186e-001 1.000000e-030 5.019466e-002 1.000000e-030 1.000000e-030 1.000000e-030 1.000000e-030 4.638013e-003 2.154956e-001 1.394668e-001 5.666847e-003 2.205963e-002 8.243035e-002 1.000000e-030 1.000000e-030 1.000000e-030 1.000000e-030 1.000000e-030 1.000000e-030 1.000000e-030 1.000000e-030 1.000000e-030 1.000000e-030 9.260901e-003 3.247983e-003 2.079724e-001 7.498750e-003 1.000000e-030 1.000000e-030 6.993745e-003 1.665577e-002 
1.000000e-030 5.716258e-002 3.393801e-002 1.108457e-001 3.881104e-002 4.050175e-003 1.229058e-003 3.462568e-004 1.009906e-003 3.578851e-003 7.110894e-003 1.000000e-030 2.288195e-002 1.550123e-001 3.001849e-002 5.781219e-002 1.000000e-030 1.000000e-030 5.110399e-003 2.585749e-002 5.616330e-003 2.287577e-003 5.314423e-003 1.289014e-002 4.863103e-003 2.917591e-003 1.245952e-001 3.551490e-003 5.138556e-003 1.119643e-003 2.684171e-001 1.950236e-002 
