1.000000e+000 0.000000e+000 0.000000e+000 0.000000e+000 0.000000e+000 

5.525744e-001 4.474256e-001 0.000000e+000 0.000000e+000 0.000000e+000 
0.000000e+000 7.476127e-001 2.523873e-001 0.000000e+000 0.000000e+000 
0.000000e+000 0.000000e+000 8.570333e-001 1.429667e-001 0.000000e+000 
0.000000e+000 0.000000e+000 0.000000e+000 9.023611e-001 9.763890e-002 
0.000000e+000 0.000000e+000 0.000000e+000 0.000000e+000 1.000000e+000 

1.000000e-030 2.628742e-001 1.000000e-030 1.629230e-001 1.000000e-030 1.000000e-030 1.000000e-030 1.000000e-030 1.838130e-002 1.589383e-001 3.412169e-002 1.000000e-030 5.403134e-002 1.027503e-001 1.000000e-030 1.000000e-030 1.000000e-030 1.000000e-030 1.000000e-030 1.000000e-030 1.000000e-030 1.000000e-030 1.000000e-030 1.000000e-030 1.000000e-030 1.000000e-030 1.615837e-001 1.000000e-030 1.666633e-002 1.000000e-030 1.112793e-002 1.660197e-002 
1.000000e-030 1.321489e-001 3.750000e-002 2.976684e-002 8.333337e-003 1.000000e-030 1.000000e-030 1.000000e-030 1.836139e-002 1.778817e-001 2.126116e-002 1.000000e-030 8.675107e-002 1.367123e-001 1.000000e-030 1.073073e-030 1.000000e-030 1.000000e-030 1.000000e-030 1.000000e-030 1.000000e-030 1.000000e-030 1.000000e-030 1.000000e-030 6.781119e-003 1.000000e-030 3.423995e-001 2.102776e-003 2.502136e-029 1.000000e-030 1.449507e-012 7.666667e-031 
1.000000e-030 3.868794e-001 1.000000e-030 6.207216e-002 1.000000e-030 1.000000e-030 1.000000e-030 1.000000e-030 1.856926e-029 1.310489e-001 7.458173e-002 1.000000e-030 2.640395e-002 1.584850e-001 1.000000e-030 5.430493e-003 1.000000e-030 1.000000e-030 1.000000e-030 1.000000e-030 1.000000e-030 1.000000e-030 1.000000e-030 1.432488e-002 9.023006e-003 8.203740e-003 6.705002e-002 8.620154e-003 1.000000e-030 1.000000e-030 4.662479e-002 1.251813e-003 
1.000000e-030 1.578211e-001 7.979263e-013 1.964671e-002 1.000000e-030 1.000000e-030 1.000000e-030 1.000000e-030 2.313991e-003 6.076996e-002 2.804139e-002 1.000000e-030 2.812592e-002 1.548341e-001 7.683707e-022 1.000000e-030 1.000000e-030 1.000000e-030 9.523809e-003 1.000000e-030 1.966580e-003 1.000000e-030 1.001887e-003 2.624818e-003 1.315029e-002 1.373053e-002 3.726519e-001 3.173492e-002 1.000000e-030 1.000000e-030 9.980397e-002 2.258182e-003 
1.000000e-030 9.144928e-002 4.337392e-002 1.813043e-001 4.768319e-002 1.804482e-003 1.603655e-003 1.000000e-030 1.189215e-003 1.712756e-002 1.137572e-002 2.982304e-003 1.106728e-002 1.706931e-001 1.082908e-002 4.191634e-002 1.000000e-030 1.000000e-030 1.184203e-003 1.217663e-003 5.050505e-004 1.000000e-030 1.000000e-030 2.748733e-003 6.483173e-003 1.855402e-003 1.275906e-001 5.596001e-003 9.012413e-003 9.581394e-003 1.942627e-001 1.694367e-002 
