1.000000e+000 0.000000e+000 0.000000e+000 0.000000e+000 0.000000e+000 

4.027155e-001 5.972845e-001 0.000000e+000 0.000000e+000 0.000000e+000 
0.000000e+000 6.964573e-001 3.035427e-001 0.000000e+000 0.000000e+000 
0.000000e+000 0.000000e+000 9.254939e-001 7.450613e-002 0.000000e+000 
0.000000e+000 0.000000e+000 0.000000e+000 9.161436e-001 8.385637e-002 
0.000000e+000 0.000000e+000 0.000000e+000 0.000000e+000 1.000000e+000 

1.000000e-030 4.604391e-002 1.000000e-030 2.738034e-001 1.000000e-030 1.000000e-030 1.000000e-030 1.000000e-030 2.636238e-002 1.092003e-002 5.000000e-002 1.000000e-030 2.647541e-025 1.779394e-001 1.000000e-030 1.000000e-030 1.000000e-030 1.000000e-030 1.000000e-030 1.000000e-030 1.000000e-030 1.000000e-030 1.000000e-030 1.000000e-030 1.000000e-030 1.666666e-002 9.523810e-002 3.333333e-002 1.000000e-030 1.000000e-030 2.696927e-001 9.666667e-031 
1.000000e-030 2.817636e-001 1.268436e-014 1.940787e-017 1.000000e-030 1.000000e-030 1.000000e-030 1.000000e-030 3.333333e-002 3.573910e-001 3.651229e-002 1.000000e-030 1.187267e-001 1.068802e-001 1.000000e-030 1.000000e-030 1.000000e-030 1.000000e-030 1.000000e-030 1.000000e-030 1.000000e-030 1.000000e-030 1.000000e-030 1.000000e-030 1.000000e-030 8.183818e-003 5.720912e-002 1.000000e-030 1.000000e-030 1.000000e-030 4.740849e-030 6.666667e-031 
1.000000e-030 9.134258e-001 2.690615e-003 2.139334e-002 1.000000e-030 5.038866e-003 5.038866e-003 1.000000e-030 1.000000e-030 2.656324e-002 1.000000e-030 1.000000e-030 7.057677e-029 1.000000e-030 1.000000e-030 1.000000e-030 1.000000e-030 1.000000e-030 1.000000e-030 1.000000e-030 1.000000e-030 1.000000e-030 1.000000e-030 1.000000e-030 1.000000e-030 9.620452e-004 1.984836e-002 1.000000e-030 1.000000e-030 1.000000e-030 5.038866e-003 6.333333e-031 
1.000000e-030 5.033397e-001 2.613352e-002 1.806261e-001 2.007758e-002 1.000000e-030 2.215114e-002 1.932660e-002 1.000000e-030 3.227059e-002 7.739150e-003 8.291095e-004 1.659553e-002 5.606958e-002 1.000000e-030 1.000000e-030 1.000000e-030 1.000000e-030 1.162187e-015 1.000000e-030 1.000000e-030 1.000000e-030 1.000000e-030 1.000000e-030 2.885947e-003 1.000000e-030 8.756852e-002 1.000000e-030 4.758203e-003 1.000000e-030 1.962871e-002 6.000000e-031 
1.000000e-030 1.120628e-002 2.902707e-003 2.072814e-001 1.099270e-003 1.756306e-003 1.488435e-002 8.525471e-003 1.000000e-030 9.120606e-003 1.162214e-002 1.000000e-030 3.360206e-003 1.013565e-001 1.000000e-030 4.860278e-004 1.000000e-030 1.000000e-030 4.860278e-004 1.000000e-030 1.000000e-030 1.000000e-030 1.556749e-002 3.123362e-002 4.860278e-004 1.000000e-030 2.758053e-002 5.237463e-003 1.093947e-001 1.661563e-002 3.807649e-001 5.488330e-002 
