1.000000e+000 0.000000e+000 0.000000e+000 0.000000e+000 0.000000e+000 

3.293574e-001 6.706426e-001 0.000000e+000 0.000000e+000 0.000000e+000 
0.000000e+000 6.348088e-001 3.651912e-001 0.000000e+000 0.000000e+000 
0.000000e+000 0.000000e+000 9.803165e-001 1.968348e-002 0.000000e+000 
0.000000e+000 0.000000e+000 0.000000e+000 8.794442e-001 1.205558e-001 
0.000000e+000 0.000000e+000 0.000000e+000 0.000000e+000 1.000000e+000 

1.000000e-030 6.547073e-003 1.666667e-002 3.899080e-001 1.000000e-030 1.000000e-030 1.000000e-030 1.000000e-030 1.110709e-002 4.999991e-002 1.000000e-030 1.000000e-030 3.333333e-002 2.479919e-001 1.000000e-030 1.000000e-030 1.000000e-030 1.000000e-030 1.000000e-030 1.000000e-030 1.000000e-030 1.000000e-030 1.000000e-030 1.000000e-030 1.000000e-030 1.000000e-030 1.166668e-001 1.000000e-030 1.000000e-030 1.000000e-030 1.277793e-001 8.666667e-031 
1.000000e-030 3.453780e-001 2.648120e-014 5.849801e-011 1.000000e-030 1.000000e-030 1.000000e-030 1.000000e-030 7.222552e-002 1.314013e-001 1.000000e-030 1.000000e-030 2.162944e-001 1.353021e-001 1.000000e-030 1.000000e-030 1.000000e-030 1.000000e-030 1.000000e-030 1.000000e-030 1.000000e-030 1.000000e-030 1.000000e-030 1.000000e-030 1.000000e-030 6.277486e-003 9.312121e-002 1.000000e-030 1.000000e-030 1.000000e-030 3.526095e-026 6.000000e-031 
1.000000e-030 9.542696e-001 2.440202e-003 7.980528e-003 1.000000e-030 1.000000e-030 1.000000e-030 1.000000e-030 1.000000e-030 1.383227e-002 1.000000e-030 1.000000e-030 8.766285e-003 4.890228e-003 1.000000e-030 1.000000e-030 1.000000e-030 1.000000e-030 1.000000e-030 1.000000e-030 1.000000e-030 1.000000e-030 1.000000e-030 1.000000e-030 5.975122e-003 2.966762e-008 1.845767e-003 1.000000e-030 1.000000e-030 1.000000e-030 1.000000e-030 5.333333e-031 
1.000000e-030 1.145510e-001 4.847642e-003 3.498025e-002 1.000000e-030 1.000000e-030 1.000000e-030 1.000000e-030 1.000000e-030 1.135587e-002 1.000000e-030 1.000000e-030 1.334711e-002 5.418610e-002 8.822473e-002 4.195740e-008 1.000000e-030 1.000000e-030 1.000000e-030 1.000000e-030 6.926318e-003 1.000000e-030 1.000000e-030 1.000000e-030 8.612371e-002 4.155640e-001 1.690449e-001 1.000000e-030 1.000000e-030 1.000000e-030 8.482877e-004 9.333333e-031 
1.000000e-030 2.212909e-003 1.724942e-003 4.077212e-002 4.615385e-003 1.000000e-030 1.581197e-003 1.000000e-030 1.000000e-030 4.307346e-004 2.356818e-003 1.000000e-030 2.057613e-003 3.265017e-001 9.030285e-003 1.259182e-001 1.000000e-030 9.903064e-003 3.717359e-002 6.031010e-002 1.046808e-002 2.893986e-002 2.160270e-003 3.966713e-002 8.473256e-006 5.420227e-003 1.173984e-002 2.946896e-003 1.378601e-003 1.000000e-030 2.712400e-001 1.935391e-002 
