1.000000e+000 0.000000e+000 0.000000e+000 0.000000e+000 0.000000e+000 

3.232886e-001 6.767114e-001 0.000000e+000 0.000000e+000 0.000000e+000 
0.000000e+000 7.571212e-001 2.428788e-001 0.000000e+000 0.000000e+000 
0.000000e+000 0.000000e+000 9.654626e-001 3.453738e-002 0.000000e+000 
0.000000e+000 0.000000e+000 0.000000e+000 9.200025e-001 7.999745e-002 
0.000000e+000 0.000000e+000 0.000000e+000 0.000000e+000 1.000000e+000 

3.333333e-002 1.422365e-001 8.333333e-003 9.166667e-002 4.153866e-002 1.000000e-030 1.000000e-030 1.000000e-030 6.324692e-002 9.460852e-002 4.999997e-002 1.033156e-002 6.636582e-002 1.269983e-001 1.000000e-030 1.000000e-030 1.000000e-030 1.000000e-030 1.000000e-030 1.000000e-030 1.000000e-030 1.000000e-030 1.976388e-002 1.000000e-030 1.000000e-030 1.000000e-030 1.000000e-001 1.000000e-030 1.000000e-030 1.000000e-030 1.515765e-001 8.333333e-031 
1.000000e-030 2.856865e-001 5.977250e-027 1.000000e-030 1.000000e-030 1.000000e-030 1.000000e-030 1.000000e-030 1.259837e-002 3.201854e-001 9.173187e-002 1.000000e-030 1.090977e-001 1.154211e-001 1.000000e-030 1.000000e-030 1.000000e-030 1.000000e-030 1.000000e-030 1.000000e-030 1.000000e-030 1.000000e-030 1.000000e-030 1.000000e-030 1.111111e-002 7.597754e-003 4.657023e-002 1.000000e-030 1.000000e-030 1.000000e-030 1.403303e-025 6.000000e-031 
1.000000e-030 9.368687e-001 5.065909e-003 1.000000e-030 1.000000e-030 1.000000e-030 1.000000e-030 1.000000e-030 1.000000e-030 5.370818e-002 1.000000e-030 1.000000e-030 1.042485e-003 1.000000e-030 1.000000e-030 1.000000e-030 1.000000e-030 1.000000e-030 1.000000e-030 1.000000e-030 1.000000e-030 1.000000e-030 1.000000e-030 1.000000e-030 6.890795e-013 8.204043e-004 2.494301e-003 1.000000e-030 1.000000e-030 1.000000e-030 1.000000e-030 4.000000e-031 
1.000000e-030 3.788575e-001 1.770910e-002 2.683822e-001 1.000000e-030 1.460726e-022 7.852748e-003 7.517632e-003 3.147361e-003 2.891380e-002 1.038553e-003 1.000000e-030 3.167885e-002 7.925942e-002 1.000000e-030 1.000000e-030 1.000000e-030 1.000000e-030 1.000000e-030 1.000000e-030 1.000000e-030 1.000000e-030 1.601026e-003 1.000000e-030 1.505949e-002 7.895777e-003 1.047072e-001 4.850285e-003 9.150880e-003 1.000000e-030 3.237818e-002 9.000000e-031 
1.000000e-030 2.638313e-002 1.830428e-002 1.710523e-001 4.087735e-002 1.874098e-001 4.574344e-002 2.242903e-002 1.000000e-030 1.638883e-003 8.097993e-003 2.404930e-003 7.416092e-003 7.755628e-002 1.000000e-030 3.955451e-004 1.000000e-030 1.000000e-030 1.000000e-030 5.004005e-004 7.910901e-004 1.033539e-003 2.701639e-002 9.057847e-003 3.927890e-003 1.000000e-030 1.971065e-002 5.539077e-003 1.440184e-001 1.677869e-002 1.638291e-001 1.244407e-002 
