1.000000e+000 0.000000e+000 0.000000e+000 0.000000e+000 0.000000e+000 

3.328316e-001 6.671684e-001 0.000000e+000 0.000000e+000 0.000000e+000 
0.000000e+000 7.712878e-001 2.287122e-001 0.000000e+000 0.000000e+000 
0.000000e+000 0.000000e+000 9.515036e-001 4.849635e-002 0.000000e+000 
0.000000e+000 0.000000e+000 0.000000e+000 8.226955e-001 1.773045e-001 
0.000000e+000 0.000000e+000 0.000000e+000 0.000000e+000 1.000000e+000 

1.000000e-030 1.216956e-001 3.333333e-002 2.961567e-001 1.000000e-030 1.000000e-030 1.000000e-030 1.000000e-030 1.111111e-002 2.323240e-002 6.664803e-002 1.000000e-030 1.646915e-003 9.107585e-002 1.000000e-030 1.000000e-030 1.000000e-030 1.000000e-030 1.000000e-030 1.000000e-030 1.000000e-030 1.000000e-030 1.000000e-030 1.000000e-030 1.000000e-030 4.526039e-028 1.532307e-001 1.000000e-030 1.000000e-030 1.000000e-030 2.018694e-001 9.000000e-031 
1.000000e-030 3.358906e-001 1.629735e-002 1.080377e-017 1.000000e-030 1.000000e-030 1.000000e-030 1.000000e-030 2.539955e-002 2.604671e-001 1.762492e-002 1.000000e-030 1.519811e-001 4.603353e-002 1.000000e-030 1.000000e-030 1.000000e-030 1.000000e-030 1.000000e-030 1.000000e-030 1.000000e-030 1.000000e-030 1.000000e-030 1.000000e-030 1.000000e-030 4.153756e-002 1.047683e-001 1.000000e-030 1.000000e-030 1.000000e-030 5.717175e-016 4.000000e-031 
1.000000e-030 9.215520e-001 1.068250e-003 1.000000e-030 1.000000e-030 1.000000e-030 1.000000e-030 1.000000e-030 1.068250e-003 6.488605e-002 1.000000e-030 1.000000e-030 5.550055e-003 8.726263e-004 1.000000e-030 1.000000e-030 1.000000e-030 1.000000e-030 1.000000e-030 1.000000e-030 1.000000e-030 1.000000e-030 1.000000e-030 1.000000e-030 1.000000e-030 3.218464e-003 1.784263e-003 1.000000e-030 1.000000e-030 1.000000e-030 9.666667e-031 4.000000e-031 
1.000000e-030 4.539382e-001 2.847109e-003 1.741405e-001 1.265459e-002 1.000000e-030 1.000000e-030 1.000000e-030 1.000000e-030 9.070569e-002 4.379601e-003 1.000000e-030 2.760060e-002 1.212858e-001 1.000000e-030 1.000000e-030 1.000000e-030 1.000000e-030 1.000000e-030 1.000000e-030 1.000000e-030 1.000000e-030 1.000000e-030 1.331385e-002 3.635984e-002 1.584965e-002 1.795626e-002 1.000000e-030 5.030628e-008 1.000000e-030 2.896825e-002 7.000000e-031 
1.000000e-030 1.050322e-001 1.039049e-001 1.599172e-001 6.110315e-002 1.000000e-030 5.405857e-003 1.000000e-030 9.796075e-004 5.726034e-003 3.258080e-003 3.656785e-004 2.066435e-002 1.117660e-001 5.989816e-003 4.384284e-002 1.000000e-030 1.000000e-030 2.076299e-002 1.000000e-030 2.386503e-003 1.000000e-030 4.750671e-003 4.148845e-003 3.429407e-003 8.566426e-003 3.281894e-002 3.857895e-003 1.588328e-002 1.542355e-002 2.310303e-001 4.102843e-002 
