1.000000e+000 0.000000e+000 0.000000e+000 0.000000e+000 0.000000e+000 

3.510945e-001 6.489055e-001 0.000000e+000 0.000000e+000 0.000000e+000 
0.000000e+000 6.972707e-001 3.027293e-001 0.000000e+000 0.000000e+000 
0.000000e+000 0.000000e+000 9.297619e-001 7.023808e-002 0.000000e+000 
0.000000e+000 0.000000e+000 0.000000e+000 8.377034e-001 1.622966e-001 
0.000000e+000 0.000000e+000 0.000000e+000 0.000000e+000 1.000000e+000 

1.000000e-030 1.447561e-001 4.923793e-002 1.969966e-001 3.333333e-002 1.000000e-030 1.000000e-030 1.000000e-030 3.720571e-002 7.197985e-002 7.222522e-002 1.000000e-030 3.838405e-002 1.529402e-001 1.000000e-030 1.000000e-030 1.000000e-030 1.000000e-030 1.000000e-030 1.000000e-030 1.000000e-030 1.000000e-030 1.000000e-030 1.000000e-030 1.000000e-030 1.000000e-030 1.446057e-001 1.000000e-030 1.000000e-030 1.000000e-030 5.833536e-002 9.000000e-031 
1.000000e-030 3.315095e-001 7.052805e-003 2.789625e-030 1.000000e-030 1.000000e-030 1.000000e-030 1.000000e-030 5.993477e-002 2.398392e-001 9.614012e-003 1.000000e-030 1.210537e-001 1.413947e-001 1.000000e-030 1.000000e-030 1.000000e-030 1.000000e-030 1.000000e-030 1.000000e-030 1.000000e-030 1.000000e-030 1.000000e-030 1.000000e-030 2.564512e-003 8.833356e-004 8.615353e-002 1.000000e-030 1.000000e-030 1.000000e-030 1.000000e-030 5.333333e-031 
1.000000e-030 8.927899e-001 1.302858e-002 1.000000e-030 1.000000e-030 1.000000e-030 1.000000e-030 1.000000e-030 1.050459e-003 1.654247e-002 1.063326e-030 1.000000e-030 1.115484e-002 1.000000e-030 1.000000e-030 1.000000e-030 1.000000e-030 1.000000e-030 1.000000e-030 1.000000e-030 1.000000e-030 1.000000e-030 1.000000e-030 1.000000e-030 4.362374e-002 8.289970e-003 1.352001e-002 1.000000e-030 1.000000e-030 1.000000e-030 9.666667e-031 4.333333e-031 
1.000000e-030 7.186060e-001 9.016740e-006 1.634530e-001 1.000000e-030 1.000000e-030 1.000000e-030 1.000000e-030 1.000000e-030 1.466859e-002 1.000000e-030 1.000000e-030 1.044241e-002 2.515113e-002 6.234536e-003 1.000000e-030 1.000000e-030 1.000000e-030 1.000000e-030 1.000000e-030 1.000000e-030 1.000000e-030 1.000000e-030 3.632154e-003 3.756321e-003 2.219919e-003 6.181096e-003 6.786614e-003 1.551745e-002 1.000000e-030 2.334175e-002 6.666667e-031 
1.000000e-030 7.937327e-003 3.826986e-003 1.146018e-001 8.399656e-003 1.000000e-030 2.974537e-003 1.000000e-030 1.000000e-030 1.802351e-003 1.083040e-003 3.056950e-004 8.214292e-003 2.550238e-001 1.571346e-002 2.063486e-002 1.000000e-030 1.000000e-030 3.235502e-003 1.874636e-003 9.639791e-003 3.921569e-004 2.213303e-003 5.895498e-003 1.367234e-001 1.111300e-001 5.926049e-002 3.225431e-003 3.345495e-003 4.308049e-003 2.176821e-001 1.233558e-002 
