1.000000e+000 0.000000e+000 0.000000e+000 0.000000e+000 0.000000e+000 

3.201447e-001 6.798553e-001 0.000000e+000 0.000000e+000 0.000000e+000 
0.000000e+000 5.891905e-001 4.108095e-001 0.000000e+000 0.000000e+000 
0.000000e+000 0.000000e+000 6.479493e-001 3.520507e-001 0.000000e+000 
0.000000e+000 0.000000e+000 0.000000e+000 9.712094e-001 2.879058e-002 
0.000000e+000 0.000000e+000 0.000000e+000 0.000000e+000 1.000000e+000 

1.000000e-030 1.069036e-001 3.983715e-002 2.746721e-001 5.000000e-002 1.000000e-030 1.000000e-030 1.000000e-030 1.000000e-030 1.146136e-001 1.000000e-030 1.000000e-030 1.000008e-002 1.631601e-001 1.000000e-030 1.000000e-030 1.000000e-030 1.000000e-030 1.000000e-030 1.000000e-030 1.000000e-030 1.000000e-030 1.000000e-030 1.000000e-030 1.000000e-030 1.000000e-030 1.622159e-001 1.000000e-030 1.000000e-030 1.000000e-030 7.859748e-002 2.740364e-010 
1.000000e-030 4.547679e-001 4.476205e-028 2.322550e-002 1.705149e-030 1.000000e-030 1.000000e-030 1.000000e-030 9.549103e-003 1.363504e-001 4.761905e-003 1.000000e-030 1.087831e-001 1.104585e-001 1.000000e-030 9.549103e-003 1.000000e-030 1.000000e-030 1.000000e-030 1.000000e-030 1.000000e-030 1.000000e-030 1.000000e-030 1.000000e-030 1.000000e-030 4.166667e-003 1.048122e-001 1.000000e-030 1.000000e-030 1.000000e-030 2.413504e-002 9.440596e-003 
1.000000e-030 2.810264e-001 4.166668e-003 2.222222e-002 1.000000e-030 1.000000e-030 1.000000e-030 1.000000e-030 1.000000e-030 2.844354e-001 1.000000e-030 1.000000e-030 1.840799e-001 8.378683e-002 1.000000e-030 1.000000e-030 1.000000e-030 1.000000e-030 1.000000e-030 1.000000e-030 1.000000e-030 1.000000e-030 1.000000e-030 1.000000e-030 4.166668e-003 1.000000e-030 1.361159e-001 1.000000e-030 1.000000e-030 1.000000e-030 1.739572e-028 6.000000e-031 
1.000000e-030 9.264101e-001 1.055069e-003 7.094826e-003 1.000000e-030 1.000000e-030 1.000000e-030 1.000000e-030 5.252477e-003 2.062526e-002 1.000000e-030 1.000000e-030 1.935661e-002 5.812230e-003 1.000000e-030 1.000000e-030 1.000000e-030 1.000000e-030 1.000000e-030 1.000000e-030 2.463813e-003 1.000000e-030 1.000000e-030 1.000000e-030 2.257182e-003 2.361579e-003 5.102675e-003 1.000000e-030 1.000000e-030 1.000000e-030 2.208203e-003 5.383422e-021 
1.000000e-030 1.840844e-002 5.645993e-004 9.397313e-002 1.379883e-002 6.817769e-002 8.703928e-003 1.647776e-002 1.000000e-030 2.371810e-003 1.000000e-030 1.000000e-030 4.877447e-003 1.195652e-001 4.521171e-002 1.898937e-002 1.000000e-030 8.246605e-003 8.153463e-002 1.458826e-002 1.217376e-002 6.456177e-003 3.391839e-002 2.261575e-002 1.614937e-003 9.892625e-003 2.609681e-002 7.607906e-004 7.092096e-002 1.817708e-002 2.601208e-001 3.498921e-002 
