1.000000e+000 0.000000e+000 0.000000e+000 0.000000e+000 0.000000e+000 

4.973163e-001 5.026837e-001 0.000000e+000 0.000000e+000 0.000000e+000 
0.000000e+000 7.021374e-001 2.978626e-001 0.000000e+000 0.000000e+000 
0.000000e+000 0.000000e+000 9.379900e-001 6.200997e-002 0.000000e+000 
0.000000e+000 0.000000e+000 0.000000e+000 8.641675e-001 1.358325e-001 
0.000000e+000 0.000000e+000 0.000000e+000 0.000000e+000 1.000000e+000 

1.000000e-030 1.252088e-001 3.877408e-002 1.867592e-001 1.000000e-030 1.000000e-030 1.000000e-030 1.000000e-030 1.735075e-002 1.571607e-001 1.000000e-030 1.000000e-030 3.207149e-002 1.427557e-001 1.000000e-030 1.000000e-030 1.000000e-030 1.000000e-030 1.000000e-030 1.000000e-030 1.000000e-030 1.000000e-030 1.666646e-002 1.000000e-030 8.188302e-003 1.666015e-002 1.111607e-002 1.666667e-002 1.000000e-030 1.000000e-030 2.306217e-001 9.000000e-031 
1.000000e-030 3.146970e-001 1.141177e-002 2.280777e-022 1.000000e-030 1.000000e-030 1.000000e-030 1.000000e-030 3.333333e-002 3.353542e-001 3.005227e-002 1.000000e-030 6.046029e-002 5.500874e-002 1.000000e-030 1.000000e-030 1.000000e-030 1.000000e-030 1.000000e-030 1.000000e-030 1.000000e-030 1.000000e-030 9.624083e-022 1.000000e-030 3.745616e-003 1.000000e-030 1.559359e-001 4.882308e-015 1.000000e-030 1.000000e-030 9.418145e-007 7.000000e-031 
1.000000e-030 9.224099e-001 7.806812e-003 6.698936e-004 1.000000e-030 1.000000e-030 1.000000e-030 1.000000e-030 1.000000e-030 4.692091e-002 1.000000e-030 1.000000e-030 1.479581e-002 1.000000e-030 1.000000e-030 1.000000e-030 1.000000e-030 1.000000e-030 1.000000e-030 1.000000e-030 1.000000e-030 1.000000e-030 1.000000e-030 1.000000e-030 1.000000e-030 1.000000e-030 7.396637e-003 1.000000e-030 1.000000e-030 1.000000e-030 9.666667e-031 6.666667e-031 
1.000000e-030 7.220314e-001 2.783411e-003 4.908596e-002 1.000000e-030 1.000000e-030 1.000000e-030 1.000000e-030 1.000000e-030 5.750865e-002 1.182934e-002 1.000000e-030 6.897640e-002 1.214136e-002 9.669249e-003 1.000000e-030 1.000000e-030 1.000000e-030 1.000000e-030 1.000000e-030 1.000000e-030 1.000000e-030 1.000000e-030 1.000000e-030 1.962278e-002 1.882114e-002 2.752986e-002 1.000000e-030 1.000000e-030 1.000000e-030 4.258439e-007 6.000000e-031 
1.000000e-030 4.049892e-002 3.201011e-003 1.569557e-001 1.000000e-030 1.000000e-030 1.680887e-003 1.000000e-030 3.830477e-003 4.169977e-003 1.811823e-003 1.953190e-003 2.009809e-002 1.400525e-001 1.415157e-002 1.280373e-002 1.000000e-030 1.000000e-030 1.000000e-030 1.000000e-030 1.783951e-003 1.000000e-030 1.475633e-003 6.758023e-003 3.979494e-002 5.879734e-002 1.779510e-001 1.988653e-003 6.731500e-003 3.697537e-003 2.876726e-001 2.419979e-002 
