1.000000e+000 0.000000e+000 0.000000e+000 0.000000e+000 0.000000e+000 

5.179471e-001 4.820529e-001 0.000000e+000 0.000000e+000 0.000000e+000 
0.000000e+000 6.452084e-001 3.547916e-001 0.000000e+000 0.000000e+000 
0.000000e+000 0.000000e+000 9.711421e-001 2.885791e-002 0.000000e+000 
0.000000e+000 0.000000e+000 0.000000e+000 8.662179e-001 1.337821e-001 
0.000000e+000 0.000000e+000 0.000000e+000 0.000000e+000 1.000000e+000 

1.000000e-030 3.320626e-001 3.623566e-002 2.365577e-001 8.333492e-003 1.000000e-030 1.000000e-030 1.000000e-030 5.203034e-002 1.070685e-001 3.333333e-002 1.000000e-030 1.430261e-002 9.771632e-002 1.000000e-030 1.000000e-030 1.000000e-030 1.000000e-030 1.000000e-030 1.000000e-030 1.000000e-030 1.000000e-030 1.000000e-030 1.000000e-030 1.000000e-030 1.000000e-030 2.860916e-002 1.111111e-002 1.666667e-002 1.000000e-030 2.597247e-002 7.333333e-031 
1.000000e-030 2.527874e-001 3.668146e-003 1.942807e-020 3.023174e-003 1.000000e-030 1.000000e-030 1.000000e-030 8.333398e-003 2.325825e-001 1.030848e-001 1.000000e-030 9.787478e-002 1.836135e-001 1.000000e-030 1.000000e-030 1.000000e-030 1.000000e-030 1.000000e-030 1.000000e-030 1.000000e-030 1.000000e-030 1.000000e-030 1.000000e-030 2.727508e-010 6.605012e-003 1.084273e-001 1.000000e-030 3.199269e-028 1.000000e-030 1.000000e-030 7.000000e-031 
1.000000e-030 9.465246e-001 2.757870e-003 7.494175e-004 1.000000e-030 1.000000e-030 1.000000e-030 1.000000e-030 1.000000e-030 3.665738e-002 9.321927e-004 1.000000e-030 6.663598e-003 1.000000e-030 1.000000e-030 1.000000e-030 1.000000e-030 1.000000e-030 1.000000e-030 1.000000e-030 1.000000e-030 1.000000e-030 1.000000e-030 1.000000e-030 5.714986e-003 1.000000e-030 1.000000e-030 1.000000e-030 1.000000e-030 1.000000e-030 1.000000e-030 4.333333e-031 
1.000000e-030 1.021635e-002 5.132183e-003 1.000000e-030 1.000000e-030 1.000000e-030 1.000000e-030 1.000000e-030 1.000000e-030 6.006602e-002 2.119857e-003 9.259259e-004 3.672938e-002 2.458360e-001 7.014885e-002 4.348026e-001 1.000000e-030 1.000000e-030 1.116225e-001 4.254035e-018 2.054336e-002 1.000000e-030 1.000000e-030 1.857040e-003 1.000000e-030 1.030581e-030 1.000000e-030 1.000000e-030 1.000000e-030 1.000000e-030 9.333333e-031 6.000000e-031 
1.000000e-030 6.865051e-002 1.711024e-003 1.859538e-001 1.220732e-003 6.631065e-004 6.631065e-004 1.000000e-030 1.457828e-003 1.109594e-002 1.199201e-002 1.982976e-003 8.088602e-003 1.761677e-001 1.911131e-030 9.148334e-002 1.000000e-030 1.000000e-030 2.197905e-003 8.377391e-003 1.000000e-030 4.975124e-004 4.910532e-003 1.826747e-002 1.625077e-003 2.648621e-003 6.664187e-002 8.974645e-003 3.994196e-003 1.635772e-003 3.143188e-001 2.216387e-002 
