1.000000e+000 0.000000e+000 0.000000e+000 0.000000e+000 0.000000e+000 

4.407175e-001 5.592825e-001 0.000000e+000 0.000000e+000 0.000000e+000 
0.000000e+000 6.268024e-001 3.731976e-001 0.000000e+000 0.000000e+000 
0.000000e+000 0.000000e+000 9.607131e-001 3.928690e-002 0.000000e+000 
0.000000e+000 0.000000e+000 0.000000e+000 7.430760e-001 2.569240e-001 
0.000000e+000 0.000000e+000 0.000000e+000 0.000000e+000 1.000000e+000 

1.000000e-030 1.955064e-001 1.000000e-030 1.860935e-001 3.333333e-002 1.000000e-030 1.000000e-030 1.000000e-030 5.673428e-002 3.333333e-002 9.609352e-016 1.000000e-030 1.865995e-005 2.202701e-001 1.000000e-030 1.000000e-030 1.000000e-030 1.000000e-030 1.000000e-030 1.000000e-030 1.000000e-030 1.000000e-030 1.000000e-030 1.000000e-030 2.222222e-002 1.000000e-030 8.888268e-002 1.693886e-002 1.000000e-030 1.000000e-030 1.466667e-001 9.333333e-031 
1.000000e-030 2.850948e-001 4.631045e-003 5.919329e-013 1.715496e-030 1.000000e-030 1.000000e-030 1.000000e-030 5.718999e-004 3.220874e-001 2.890268e-002 1.000000e-030 2.487261e-001 7.115200e-002 1.000000e-030 1.000000e-030 1.000000e-030 1.000000e-030 1.000000e-030 1.000000e-030 1.000000e-030 1.000000e-030 1.000000e-030 1.000000e-030 1.480234e-030 3.626680e-003 3.520749e-002 1.000000e-030 1.000000e-030 1.000000e-030 6.030421e-018 5.000000e-031 
1.000000e-030 9.545325e-001 2.114241e-003 1.655329e-006 1.000000e-030 1.000000e-030 1.000000e-030 1.000000e-030 1.000000e-030 2.805341e-002 1.000000e-030 1.000000e-030 2.196825e-003 2.445275e-025 1.000000e-030 1.000000e-030 1.000000e-030 1.000000e-030 1.000000e-030 1.000000e-030 1.000000e-030 1.000000e-030 1.000000e-030 1.000000e-030 1.000000e-030 3.742265e-003 9.359114e-003 1.000000e-030 1.000000e-030 1.000000e-030 9.666667e-031 2.333333e-031 
1.000000e-030 2.635503e-001 5.477281e-003 1.759953e-001 5.593363e-003 1.000000e-030 1.000000e-030 1.000000e-030 1.000000e-030 7.230738e-002 5.679281e-003 1.000000e-030 2.536843e-002 1.068899e-001 1.000000e-030 1.000000e-030 1.000000e-030 1.000000e-030 1.000000e-030 1.000000e-030 1.000000e-030 1.157456e-003 1.000000e-030 2.482599e-002 1.000000e-030 1.000000e-030 1.151190e-001 1.029777e-002 5.581332e-003 1.000000e-030 1.809999e-001 1.157456e-003 
1.000000e-030 2.345533e-002 7.337896e-002 1.659390e-001 1.399618e-002 3.830198e-004 3.830198e-004 1.000000e-030 1.000000e-030 6.298599e-003 3.538603e-003 1.447349e-003 1.814705e-002 1.506018e-001 2.121487e-002 3.800977e-002 1.000000e-030 1.000000e-030 2.061256e-002 7.488241e-003 6.810514e-003 4.614108e-004 2.553899e-003 7.808198e-003 3.385035e-004 1.000000e-030 6.127523e-002 2.370025e-003 4.920011e-003 8.279048e-003 3.475825e-001 2.534815e-002 
